Round1:
105
279
Round2:
531
578
672
Round3:
848
857
938
Round4:
1076
1260
Round5:
1326
1343
1422

Round6:
1627
1742

round7
1931
2149

round8
2274
2324
2360

r9
2587
2779


r10
2872
2951
2980

r11
3249
3328
3354

r12
3533
3675

r13
3683
3706
3867

r14
4100
4212

r15
4344
4487
4564

r16
4609
4665
4720

r17
4973
5016
5072

r18
5352
5394

r19
5583
5619
5705

r20
5782
5968
6046

r21
6176
6261
6357

r22
6420
6498
6356

r23
6853
6854
6880

r24
7080
7099

r25
7399
7541

r26
7625
7765
7873

r27
8005
8086
8151

r28
8269
8309
8406

r29
8684
8716
8774

r30
8807
8874
9015
9070

r31
9269
9345

r32
9400
9469
9606

r33
9686
9960

r34
9992
10082
10195
10197

r35
10373
10422
10572

r36
10580
10798
10807

r37
10941
10974

r38
11225
11438

r39
11496
11577

r40
11788
11974
12054
12063

r41
12084
12091
12102
12104
12111
12119



105,279,531,578,672,848,857,938,1076,1260,1326,1343,1422,1627,1742,1931,2149,2274,2324,2360,2587,2779,2872,2951,2980,3249,3328,3354,3533,3675,3683,3706,3867,4100,4212,4344,4487,4564,4609,4665,4720,4973,5016,5072,5352,5394,5583,5619,5705,5782,5968,6046,6176,6261,6357,6420,6498,6356,6853,6854,6880,7080,7099,7399,7541,7625,7765,7873,8005,8086,8151,8269,8309,8406,8684,8716,8774,8807,8874,9015,9070,9269,9345,9400,9469,9606,9686,9960,9992,10082,10195,10197,10373,10422,10572,10580,10798,10807,10941,10974,11225,11438,11496,11577,11788,11974,12054,12063,12084,12091,12102,12104,12111,12119




Round1
6853
7765
8774

Round2: Removed Gingerbread and sweets
x279                          4.228040
x3328                         0.912538
x4344                         0.781395
x8774                         1.475825

Round3: Removed Flour
x1076                         4.215949
x3328                         1.150000
x4344                         1.280867
x8774                         0.474693

Round4: Removed Other Flour
x2149                         4.228336
x3328                         0.671619
x4344                         0.318216
x8774                         2.377963

Round4: Removed beef flavour noodles and swiss cheese
x1343                         1.143036
x2149                         2.023856
x4344                         1.532030
x6853                         2.012566


